


01 00 0d 80 3d 00 00 00  af 71 2f 1f ce 7d 8a 4b   ....=... .q/..}.K
b5 58 8c 96 0a 23 4f 8e  01 00 00 00 38 00 00 00   .X...#O. ....8...
38 00 00 00 04 00 0a 00  00 00 00 00 02 00 00 00   8....... ........
40 00 61 00 04 00 00 00  03 00 00 00 01            @.a..... .....



01 00 0d 80 3f 00 00 00  34 61 2e 7a a0 bf 19 4d   ....?... 4a.z...M
be 53 b8 83 6c 44 d7 df  01 00 00 00 a7 02 00 00   .S..lD.. ........
a7 00 00 00 32 00 00 00  08 d0 00 34 02 00 00 00   ....2... ...4....
40 00 61 00 06 00 00 00  04 00 61 62 63 64 01      @.a..... ..abcd.







01 00 0d 80 3d 00 00 00  af 71 2f 1f ce 7d 8a 4b  b5 58 8c 96 0a 23 4f 8e  01 00 00 00

38 00 00 00 38 00 00 00  04 00 0a 00 00 00 00 00  02 00 00 00 40 00 61 00  04 00 00 00  03 00 00 00 01 



01 00 0d 80 3f 00 00 00  34 61 2e 7a a0 bf 19 4d  be 53 b8 83 6c 44 d7 df  01 00 00 00 

a7 02 00 00 a7 00 00 00  32 00 00 00 08 d0 00 34  02 00 00 00 40 00 61 00  06 00 00 00 04 00 61 62 63 64 01      




//header 2 params
01 00 0d 80 5e 00 00 00  3e c0 89 ed 08 e0 b8 4d  9f 5b 86 be c4 ef c6 eb  02 00 00 00            

//payload 2:nd int param
38 00 00 00 38 00 00 00  04 00 0a 00 00 00 00 00
02 00 00 00 40 00 62 00  04 00 00 00 05 00 00 00
01                                                   




//header 2 params
01 00 0d 80 5e 00 00 00 3e c0 89 ed 08 e0 b8 4d 9f 5b 86 be c4 ef c6 eb 02 00 00 00    





// 2 output params 1 int, 1 varchar
01 00 0d 80 60 00 00 00  fc f6 1d a8 98 e3 13 41   ....`... .......A
be 12 d2 7f 79 ad e4 47  02 00 00 00 38 00 00 00   ....y..G ....8...
38 00 00 00 04 00 0a 00  00 00 00 00 02 00 00 00   8....... ........
40 00 61 00 04 00 00 00  03 00 00 00 01 a7 02 00   @.a..... ........
00 a7 00 00 00 0a 00 00  00 08 d0 00 34 02 00 00   ........ ....4...
00 40 00 62 00 06 00 00  00 04 00 61 62 63 64 01   .@.b.... ...abcd.


// header
01 00 0d 80 60 00 00 00 fc f6 1d a8 98 e3 13 41 be 12 d2 7f 79 ad e4 47 02 00 00 00

// payload int param @a, value 3
38 00 00 00 38 00 00 00 04 00 0a 00 00 00 00 00 02 00 00 00 40 00 61 00 04 00 00 00 03 00 00 00 01 

//payload varchar param @b, value 'abcd'
a7 02 00 00 a7 00 00 00 0a 00 00 00 08 d0 00 34 02 00 00 00 40 00 62 00 06 00 00 00 04 00 61 62 63 64 01


// header
01 00 0d 80 60 00 00 00 fc f6 1d a8 98 e3 13 41 be 12 d2 7f 79 ad e4 47 
02 00 00 00

 // payload int param @a, value 3
38 00 00 00 38 00 00 00 04 00 0a 00 00 00 00 00 02 00 00 00 
40 00 61 00 
04 00 00 00 
03 00 00 00 
01 

//payload varchar param @b, value 'abcd'
a7 02 00 00 a7 00 00 00 0a 00 00 00 08 d0 00 34 02 00 00 00 
40 00 62 00 
06 00 00 00 
04 00 
61 62 63 64 
01